726
1
28
97 837
38
466 735
328
180 796
957 151
834 244
488
198 920
975
85 932
698 231
587 289
226 879
76 129
548 665
54 894
441
775
22
9
60
197
246 726
798 118
325
638
910 937
911 297
92
260
24
125
951
570
241
266 763
34
275
70
154
269 701
81
450
306 619
436
196
100
74
86 993
337 544
574
508
210
245
578 339
739
286
78
442
940 153
564 344
980 88
166
590 437
185 960
23
567
596
251
399 813
280 697
55 853
363 553
577 562
201
121
449 469
558 372
606
13
288 737
533
728
979 44
53 995
779
48
171 952
559
302
367
168 973
338 695
320
496 409
676 236
898 243
928 915
152 797
478 624
277
254
181
66 977
750 169
123 40
393
731 133
359 662
395 817
421
57 10
579 528
542 670
119 912
117 991
175 982
207 744
497
673 461
582 474
37 26
769 336
253 661
281
228
87
224 765
484 455
216
495 609
248 716
851
999 27
343 537
864
820
109
480
222
514
869
366 653
237 885
663
604
11
418 511
106
644
309
536
598 263
628 443
19
298
754
300
89
446
406
451
773 130
139
550
781 99
187
788 401
668 270
723
499
532
149
546
203
21
860
5
652
645
291 856
599 518
500
647
561
272
301
736
211
601 490
563 534
261
884 256
527 686
672
909 155
758 350
588
4
116 833
729
746
158 858
707
131 881
586 617
334
356
933
945 91
922
880
897 947
902 108
370
159
985 51
403 521
526
939
295 846
990 157
487 454
899
111
774 290
997
998
761
352
892 114
148
411
445 470
752 415
217
47 147
112
59 841
633 368
600 262
63
505
113
84 847
419 740
830
502
468
160 30
711 373
189
724
887
629
398 543
416
709 414
142
636 327
889
120
512 408
127
749 183
783 162
700 438
631 383
190 795
271 705
265
516
268
435
677
802
71 835
90
580 525
968 101
684 382
255
247
595 434
569
98
140
46 862
492 622
712
431
14
618 522
634 513
423
756
552 620
962
460
35
358
233
498 452
69 8
666 304
463
457
267
692
324 581
517 547
417 751
810 273
404
974 67
918 285
178
279
145
768
214 800
538
43
68 15
193
994
141
720 137
215 770
209
777
179
161 832
346
930 173
312
803
485
745
220
25
602
29
39
876 199
635 481
385 643
824 49
941 150
949 165
264 873
0 31
62
576
3
387
717 138
349
104 814
936
432 482
883 386
299
607 422
972
329
347
893
626
64 20
657 405
503 566
79 861
284
42
276
103
294
375 681
364
473
360
50
904 195
694
107
212
174
704
608 410
706
836
225
102 80
913
806 52
77
41
433
605
964
762 413
305
56
391
908
950
397
623
845
164
384 494
585 459
696 242
958 146
314
335 674
789 371
671
776
257 703
456
967 18
412
584
509
557
799
167
208
852
878
829
96 93
483
946 105
218 794
464 583
229
206 808
82 956
659 475
568 341
556
923
323
934 182
239
683 458
816 345
313
782 402
427 471
743
73
931
603 249
83
128 825
838 227
311
685 447
831
523 392
287
132
7
614
176
361
778
332
213
16
135
850
354
539
390 625
986
170
439
348
551
493
826
331 675
477
33
597
238 857
792
58 988
362
342
425
927 188
428 612
753 355
815
467
65 134
163 12
479
296
136
17
316
283
732
504
942
381
848
219
278
357
317
232
377
172 943
235
519
223 760
472
725
907
759 388
529 572
868 953
369
916 94
710 407
961 903
310 840
303
282
611
741
230
871 330
654
549
177
292
648
702
888
818 252
202
440
719
45
333
430
507
389
75
616
755
184
515
678
747
621
520
867
767
489
110
143 801
95 115
839
374
205
646
610
540
555
293
400
476 714
917
530
274
420
240
453
843
627
849
379
679
819
191 929
699 204
987
486
682
396
448
771
560
351
258
688
715 365
786
565
192
642
680
613
727
901 200
785
122
804
221 721
811
669
865
827
722
978
319
632 376
733
378
575
970
462
194
905
591
791
326
429
506
919 259
594
821
921
809
380
687
531
649
965 124
656
250 805
926
592
842
790
690
976
491
322 615
641
992
650
924
315
935
554
186
757
844
823
541
465 664
126 32
896
2 872
658
234 866
730
944
787
667
660 307
708
886
954
655
981 891
772
859
340
969
593
637 318
691
875
784
766
874
535 424
742
640
718
906
828 984
501 573
713
764
855
863
693
353 689
589 524
545 571
61 144
900
812
890
630 394
36 156
925
882 321
955
780
